   1.00000000       1.00000000    
   2.00000000      0.500000000    
   3.00000000      0.333333343    
   4.00000000      0.250000000    
   5.00000000      0.200000003    
   6.00000000      0.166666672    
   7.00000000      0.142857149    
   8.00000000      0.125000000    
   9.00000000      0.111111112    
   10.0000000      0.100000001    
   11.0000000       9.09090936E-02
   12.0000000       8.33333358E-02
   13.0000000       7.69230798E-02
   14.0000000       7.14285746E-02
   15.0000000       6.66666701E-02
   16.0000000       6.25000000E-02
   17.0000000       5.88235296E-02
   18.0000000       5.55555560E-02
   19.0000000       5.26315793E-02
   20.0000000       5.00000007E-02
   21.0000000       4.76190485E-02
   22.0000000       4.54545468E-02
   23.0000000       4.34782617E-02
   24.0000000       4.16666679E-02
   25.0000000       3.99999991E-02
   26.0000000       3.84615399E-02
   27.0000000       3.70370373E-02
   28.0000000       3.57142873E-02
   29.0000000       3.44827585E-02
   30.0000000       3.33333351E-02
   31.0000000       3.22580636E-02
   32.0000000       3.12500000E-02
   33.0000000       3.03030312E-02
   34.0000000       2.94117648E-02
   35.0000000       2.85714287E-02
   36.0000000       2.77777780E-02
   37.0000000       2.70270277E-02
   38.0000000       2.63157897E-02
   39.0000000       2.56410260E-02
   40.0000000       2.50000004E-02
   41.0000000       2.43902430E-02
   42.0000000       2.38095243E-02
   43.0000000       2.32558139E-02
   44.0000000       2.27272734E-02
   45.0000000       2.22222228E-02
   46.0000000       2.17391308E-02
   47.0000000       2.12765951E-02
   48.0000000       2.08333340E-02
   49.0000000       2.04081628E-02
   50.0000000       1.99999996E-02
   51.0000000       1.96078438E-02
   52.0000000       1.92307699E-02
   53.0000000       1.88679248E-02
   54.0000000       1.85185187E-02
   55.0000000       1.81818176E-02
   56.0000000       1.78571437E-02
   57.0000000       1.75438598E-02
   58.0000000       1.72413792E-02
   59.0000000       1.69491526E-02
   60.0000000       1.66666675E-02
   61.0000000       1.63934417E-02
   62.0000000       1.61290318E-02
   63.0000000       1.58730168E-02
   64.0000000       1.56250000E-02
   65.0000000       1.53846154E-02
   66.0000000       1.51515156E-02
   67.0000000       1.49253728E-02
   68.0000000       1.47058824E-02
   69.0000000       1.44927539E-02
   70.0000000       1.42857144E-02
   71.0000000       1.40845068E-02
   72.0000000       1.38888890E-02
   73.0000000       1.36986300E-02
   74.0000000       1.35135138E-02
   75.0000000       1.33333337E-02
   76.0000000       1.31578948E-02
   77.0000000       1.29870130E-02
   78.0000000       1.28205130E-02
   79.0000000       1.26582282E-02
   80.0000000       1.25000002E-02
   81.0000000       1.23456791E-02
   82.0000000       1.21951215E-02
   83.0000000       1.20481923E-02
   84.0000000       1.19047621E-02
   85.0000000       1.17647061E-02
   86.0000000       1.16279069E-02
   87.0000000       1.14942528E-02
   88.0000000       1.13636367E-02
   89.0000000       1.12359552E-02
   90.0000000       1.11111114E-02
   91.0000000       1.09890113E-02
   92.0000000       1.08695654E-02
   93.0000000       1.07526882E-02
   94.0000000       1.06382975E-02
   95.0000000       1.05263162E-02
   96.0000000       1.04166670E-02
   97.0000000       1.03092780E-02
   98.0000000       1.02040814E-02
   99.0000000       1.01010101E-02
   100.000000       9.99999978E-03
